|	n 	|	Binary Search Time (ms)	| Linear Search Time (ms)	|
|	1000000|		 	0	|		 	1	|
|	2000000|		 	0	|		 	3	|
|	3000000|		 	0	|		 	0	|
|	4000000|		 	0	|		 	1	|
|	5000000|		 	0	|		 	1	|
|	6000000|		 	0	|		 	0	|
|	7000000|		 	0	|		 	1	|
|	8000000|		 	0	|		 	1	|
|	9000000|		 	0	|		 	2	|
|	10000000|		 	0	|		 	1	|
|	11000000|		 	0	|		 	1	|
|	12000000|		 	0	|		 	4	|
|	13000000|		 	0	|		 	2	|
|	14000000|		 	0	|		 	1	|
|	15000000|		 	0	|		 	0	|
|	16000000|		 	0	|		 	1	|
|	17000000|		 	0	|		 	3	|
|	18000000|		 	0	|		 	3	|
|	19000000|		 	0	|		 	7	|
|	20000000|		 	0	|		 	2	|
|	21000000|		 	0	|		 	6	|
|	22000000|		 	0	|		 	6	|
|	23000000|		 	0	|		 	2	|
|	24000000|		 	0	|		 	4	|
|	25000000|		 	0	|		 	5	|
